{
  "r_matrix": [
    [
      1.0,
      0.5099999961657964,
      0.5099999159341745,
      0.5099965636774533,
      0.5099999999997068,
      0.5099999999999996,
      0.5099999999999996,
      0.5099994640407061,
      0.5099999995831416,
      0.5099999999999181,
      0.5099999999980934
    ],
    [
      0.5099999961657964,
      1.0,
      0.5099994516252889,
      0.509999996851342,
      0.5099999999992728,
      0.5099999998147973,
      0.5099999999999996,
      0.5084999813575859,
      0.5099999997249586,
      0.5099999999997645,
      0.5099999999999814
    ],
    [
      0.5099999159341745,
      0.5099994516252889,
      1.0,
      0.50991469454619,
      0.5099981401804029,
      0.5099999532509929,
      0.509999999989333,
      0.5090015744019263,
      0.5099979111700682,
      0.5099593533345969,
      0.5099997889995671
    ],
    [
      0.5099965636774533,
      0.509999996851342,
      0.50991469454619,
      1.0,
      0.5099794579915137,
      0.5099999456656116,
      0.5099999994636669,
      0.49920928382345964,
      0.5099857874587682,
      0.509680927901397,
      0.5099960056832786
    ],
    [
      0.5099999999997068,
      0.5099999999992728,
      0.5099981401804029,
      0.5099794579915137,
      1.0,
      0.5099999999999996,
      0.5099999999999996,
      0.5099992319607572,
      0.509999999904371,
      0.5099999999999996,
      0.5099999999999992
    ],
    [
      0.5099999999999996,
      0.5099999998147973,
      0.5099999532509929,
      0.5099999456656116,
      0.5099999999999996,
      1.0,
      0.5099999999999997,
      0.5099999999984116,
      0.5099999999999466,
      0.5099999999999996,
      0.5099999999999996
    ],
    [
      0.5099999999999996,
      0.5099999999999996,
      0.509999999989333,
      0.5099999994636669,
      0.5099999999999996,
      0.5099999999999997,
      1.0,
      0.5099999999999085,
      0.5099999999999993,
      0.5099999999999996,
      0.5099999999999996
    ],
    [
      0.5099994640407061,
      0.5084999813575859,
      0.5090015744019263,
      0.49920928382345964,
      0.5099992319607572,
      0.5099999999984116,
      0.5099999999999085,
      1.0,
      0.5099946152854776,
      0.509999999955113,
      0.5099999414590808
    ],
    [
      0.5099999995831416,
      0.5099999997249586,
      0.5099979111700682,
      0.5099857874587682,
      0.509999999904371,
      0.5099999999999466,
      0.5099999999999993,
      0.5099946152854776,
      1.0,
      0.5099999999999991,
      0.509999999999999
    ],
    [
      0.5099999999999181,
      0.5099999999997645,
      0.5099593533345969,
      0.509680927901397,
      0.5099999999999996,
      0.5099999999999996,
      0.5099999999999996,
      0.509999999955113,
      0.5099999999999991,
      1.0,
      0.5099999999999995
    ],
    [
      0.5099999999980934,
      0.5099999999999814,
      0.5099997889995671,
      0.5099960056832786,
      0.5099999999999992,
      0.5099999999999996,
      0.5099999999999996,
      0.5099999414590808,
      0.509999999999999,
      0.5099999999999995,
      1.0
    ]
  ],
  "last_updated": "2025-11-13T18:07:55.990231",
  "reset_reason": "Fixed saturation issue (soft_reset approach) - Nov 13, 2025",
  "previous_state": "saturated (mean=0.988)",
  "r_matrix_metadata": {
    "shape": [
      11,
      11
    ],
    "learning_rate": 0.005,
    "total_updates": 0,
    "mean": 0.5543175534081952,
    "std": 0.14094398645425438,
    "approach": "soft_reset"
  }
}