{
  "r_matrix": [
    [
      0.0,
      0.26353565562021253,
      0.18706172191221293,
      0.13922498208191664,
      0.34101950926251035,
      0.3003903823536008,
      0.5103302326189141,
      0.1318498158982284,
      0.3167392579337233,
      0.2822973344552549,
      0.3572725523209146
    ],
    [
      0.26353565562021253,
      0.0,
      0.18862977576937953,
      0.10941349086631726,
      0.23708449803523138,
      0.15492588895485915,
      0.3241023661148592,
      0.06690784316037254,
      0.19874498235246796,
      0.15399265667546302,
      0.22592171342504602
    ],
    [
      0.18706172191221293,
      0.18862977576937953,
      0.0,
      0.05164895247023159,
      0.20656173055837576,
      0.12784356436410868,
      0.28013611062476435,
      0.053474428593977885,
      0.17282718127515756,
      0.13159202748925836,
      0.1885492220452009
    ],
    [
      0.13922498208191664,
      0.10941349086631726,
      0.05164895247023159,
      0.0,
      0.12736107569587124,
      0.12833121751481813,
      0.1872399970145314,
      0.05158425423953998,
      0.0914796845707601,
      0.06719145007925133,
      0.1254385854757345
    ],
    [
      0.34101950926251035,
      0.23708449803523138,
      0.20656173055837576,
      0.12736107569587124,
      0.0,
      0.25405025292240935,
      0.47690576531936657,
      0.10531733478306503,
      0.2916751555889506,
      0.26326768404023604,
      0.3301055101777787
    ],
    [
      0.3003903823536008,
      0.15492588895485915,
      0.12784356436410868,
      0.12833121751481813,
      0.25405025292240935,
      0.0,
      0.4199430464461196,
      0.08830785810943843,
      0.2495219894561519,
      0.2281680339745786,
      0.2745216086488564
    ],
    [
      0.5103302326189141,
      0.3241023661148592,
      0.28013611062476435,
      0.1872399970145314,
      0.47690576531936657,
      0.4199430464461196,
      0.0,
      0.1596983116841935,
      0.4938357632020546,
      0.4521183542151497,
      0.5210245237088217
    ],
    [
      0.1318498158982284,
      0.06690784316037254,
      0.053474428593977885,
      0.05158425423953998,
      0.10531733478306503,
      0.08830785810943843,
      0.1596983116841935,
      0.0,
      0.09207841776576886,
      0.06391509960156869,
      0.10777324330795947
    ],
    [
      0.3167392579337233,
      0.19874498235246796,
      0.17282718127515756,
      0.0914796845707601,
      0.2916751555889506,
      0.2495219894561519,
      0.4938357632020546,
      0.09207841776576886,
      0.0,
      0.2793041345570138,
      0.3328258341366827
    ],
    [
      0.2822973344552549,
      0.15399265667546302,
      0.13159202748925836,
      0.06719145007925133,
      0.26326768404023604,
      0.2281680339745786,
      0.4521183542151497,
      0.06391509960156869,
      0.2793041345570138,
      0.0,
      0.3075799555489063
    ],
    [
      0.3572725523209146,
      0.22592171342504602,
      0.1885492220452009,
      0.1254385854757345,
      0.3301055101777787,
      0.2745216086488564,
      0.5210245237088217,
      0.10777324330795947,
      0.3328258341366827,
      0.3075799555489063,
      0.0
    ]
  ],
  "last_updated": "2025-11-16T08:22:33.106771",
  "reset_reason": "Multi-family emergence training - 20251116_082233",
  "r_matrix_metadata": {
    "shape": [
      11,
      11
    ],
    "learning_rate": 0.005,
    "initialization": "zeros",
    "total_updates": 165
  }
}