{
  "r_matrix": [
    [
      1.0,
      0.9839684950017479,
      0.9544696739298876,
      0.8908039307130203,
      0.9696489937036885,
      0.9825831222181103,
      0.9954802636591213,
      0.8515888160067554,
      0.9429729197358027,
      0.9189959779790469,
      0.9712020974109712
    ],
    [
      0.9839684950017479,
      1.0,
      0.9540590205387103,
      0.9400859531740866,
      0.9423734221562511,
      0.9695289830695414,
      0.9977680212075503,
      0.7511980408670147,
      0.9734157527046323,
      0.9215202411746638,
      0.9771833737507607
    ],
    [
      0.9544696739298876,
      0.9540590205387103,
      1.0,
      0.9003880584787964,
      0.9315102229515559,
      0.9234845882300606,
      0.9835839460292374,
      0.7060514871021701,
      0.9321935397189881,
      0.813566193458797,
      0.9411585101088974
    ],
    [
      0.8908039307130203,
      0.9400859531740866,
      0.9003880584787964,
      1.0,
      0.8757722516420969,
      0.864427513244854,
      0.9666471959269194,
      0.7684527889398974,
      0.8944259176426553,
      0.8651014544815672,
      0.8976228042495084
    ],
    [
      0.9696489937036885,
      0.9423734221562511,
      0.9315102229515559,
      0.8757722516420969,
      1.0,
      0.9612708315613954,
      0.9909679372605008,
      0.8330481294710322,
      0.9182420834666423,
      0.8989616948984933,
      0.9536981892827844
    ],
    [
      0.9825831222181103,
      0.9695289830695414,
      0.9234845882300606,
      0.864427513244854,
      0.9612708315613954,
      1.0,
      0.9954242646946997,
      0.7906850695688381,
      0.9546119147485663,
      0.9329571914732322,
      0.9626244998436971
    ],
    [
      0.9954802636591213,
      0.9977680212075503,
      0.9835839460292374,
      0.9666471959269194,
      0.9909679372605008,
      0.9954242646946997,
      1.0,
      0.8661853173395047,
      0.9981527337558286,
      0.9969732814758419,
      0.9988677356107976
    ],
    [
      0.8515888160067554,
      0.7511980408670147,
      0.7060514871021701,
      0.7684527889398974,
      0.8330481294710322,
      0.7906850695688381,
      0.8661853173395047,
      1.0,
      0.751465016268231,
      0.7835313035832162,
      0.7856463308537311
    ],
    [
      0.9429729197358027,
      0.9734157527046323,
      0.9321935397189881,
      0.8944259176426553,
      0.9182420834666423,
      0.9546119147485663,
      0.9981527337558286,
      0.751465016268231,
      1.0,
      0.9576312092561446,
      0.9751181521702197
    ],
    [
      0.9189959779790469,
      0.9215202411746638,
      0.813566193458797,
      0.8651014544815672,
      0.8989616948984933,
      0.9329571914732322,
      0.9969732814758419,
      0.7835313035832162,
      0.9576312092561446,
      1.0,
      0.9680462250823495
    ],
    [
      0.9712020974109712,
      0.9771833737507607,
      0.9411585101088974,
      0.8976228042495084,
      0.9536981892827844,
      0.9626244998436971,
      0.9988677356107976,
      0.7856463308537311,
      0.9751181521702197,
      0.9680462250823495,
      1.0
    ]
  ],
  "last_updated": "2025-11-13T18:08:07.979154",
  "reset_reason": "Fixed saturation issue (hard_reset approach) - Nov 13, 2025",
  "previous_state": "saturated (mean=0.554)",
  "r_matrix_metadata": {
    "shape": [
      11,
      11
    ],
    "learning_rate": 0.005,
    "total_updates": 165,
    "mean": 0.7805162906914643,
    "std": 0.10414376634063743,
    "approach": "hard_reset"
  }
}