{
  "r_matrix": [
    [
      1.0,
      0.9839684950017479,
      0.9544696739298876,
      0.8908039307130203,
      0.9694663686882167,
      0.9824576967902036,
      0.9954477153532952,
      0.8508531355623464,
      0.9428911381942275,
      0.9184126378275352,
      0.9710986842147331
    ],
    [
      0.9839684950017479,
      1.0,
      0.9540590205387103,
      0.9400859531740866,
      0.9420384233837666,
      0.9695289830695414,
      0.9977527446518373,
      0.7511980408670147,
      0.9733795107910048,
      0.9209830943110411,
      0.9770663991297773
    ],
    [
      0.9544696739298876,
      0.9540590205387103,
      1.0,
      0.9003880584787964,
      0.9315102229515559,
      0.9234845882300606,
      0.9835839460292374,
      0.7060514871021701,
      0.9321935397189881,
      0.813566193458797,
      0.9411585101088974
    ],
    [
      0.8908039307130203,
      0.9400859531740866,
      0.9003880584787964,
      1.0,
      0.8757722516420969,
      0.864427513244854,
      0.9666471959269194,
      0.7684527889398974,
      0.8944259176426553,
      0.8651014544815672,
      0.8976228042495084
    ],
    [
      0.9694663686882167,
      0.9420384233837666,
      0.9315102229515559,
      0.8757722516420969,
      1.0,
      0.9609917597595526,
      0.9908430847074818,
      0.8322200425415784,
      0.918017600282449,
      0.8975650161210672,
      0.9533031222052983
    ],
    [
      0.9824576967902036,
      0.9695289830695414,
      0.9234845882300606,
      0.864427513244854,
      0.9609917597595526,
      1.0,
      0.9953847969349491,
      0.7894427147676155,
      0.9545340190339295,
      0.9323789173198133,
      0.9624638287957089
    ],
    [
      0.9954477153532952,
      0.9977527446518373,
      0.9835839460292374,
      0.9666471959269194,
      0.9908430847074818,
      0.9953847969349491,
      1.0,
      0.8653910820064833,
      0.998139728731474,
      0.9969119621985971,
      0.9988519692577807
    ],
    [
      0.8508531355623464,
      0.7511980408670147,
      0.7060514871021701,
      0.7684527889398974,
      0.8322200425415784,
      0.7894427147676155,
      0.8653910820064833,
      1.0,
      0.7511710347637932,
      0.7822464887649239,
      0.7850116118267826
    ],
    [
      0.9428911381942275,
      0.9733795107910048,
      0.9321935397189881,
      0.8944259176426553,
      0.918017600282449,
      0.9545340190339295,
      0.998139728731474,
      0.7511710347637932,
      1.0,
      0.9574131413694585,
      0.9750211408961547
    ],
    [
      0.9184126378275352,
      0.9209830943110411,
      0.813566193458797,
      0.8651014544815672,
      0.8975650161210672,
      0.9323789173198133,
      0.9969119621985971,
      0.7822464887649239,
      0.9574131413694585,
      1.0,
      0.9676621908301963
    ],
    [
      0.9710986842147331,
      0.9770663991297773,
      0.9411585101088974,
      0.8976228042495084,
      0.9533031222052983,
      0.9624638287957089,
      0.9988519692577807,
      0.7850116118267826,
      0.9750211408961547,
      0.9676621908301963,
      1.0
    ]
  ],
  "last_updated": "2025-11-13T18:08:07.979154",
  "reset_reason": "Fixed saturation issue (hard_reset approach) - Nov 13, 2025",
  "previous_state": "saturated (mean=0.554)",
  "r_matrix_metadata": {
    "shape": [
      11,
      11
    ],
    "learning_rate": 0.005,
    "total_updates": 165,
    "mean": 0.7805162906914643,
    "std": 0.10414376634063743,
    "approach": "hard_reset"
  }
}