{
  "r_matrix": [
    [
      1.0,
      0.9840800527697904,
      0.9550431458135362,
      0.8908039307130203,
      0.9704020649739341,
      0.9830064149100453,
      0.9956114137554691,
      0.8531686869213293,
      0.9436845976720646,
      0.9197309875540448,
      0.971622605098514
    ],
    [
      0.9840800527697904,
      1.0,
      0.954220575645314,
      0.9406508680526378,
      0.943283758722367,
      0.969943022065762,
      0.9978241985550721,
      0.7532075418524392,
      0.973698392998559,
      0.9221367416783466,
      0.9775104799587426
    ],
    [
      0.9550431458135362,
      0.954220575645314,
      1.0,
      0.9007199153002673,
      0.9329495535706828,
      0.9243300128498211,
      0.9839909838872793,
      0.7081406756340587,
      0.9330386943043758,
      0.8140602677179758,
      0.941891923338056
    ],
    [
      0.8908039307130203,
      0.9406508680526378,
      0.9007199153002673,
      1.0,
      0.8761636760403616,
      0.8652182754757551,
      0.967002060553152,
      0.7695777875538629,
      0.8949885570789037,
      0.8651492168197017,
      0.8981684064126111
    ],
    [
      0.9704020649739341,
      0.943283758722367,
      0.9329495535706828,
      0.8761636760403616,
      1.0,
      0.9622456695413018,
      0.9913719516237135,
      0.8355149224019768,
      0.919760327665569,
      0.9006684803914765,
      0.9548187493811667
    ],
    [
      0.9830064149100453,
      0.969943022065762,
      0.9243300128498211,
      0.8652182754757551,
      0.9622456695413018,
      1.0,
      0.9956273209054851,
      0.7937293425868572,
      0.9555151623217979,
      0.9339852395457132,
      0.9634624933833852
    ],
    [
      0.9956114137554691,
      0.9978241985550721,
      0.9839909838872793,
      0.967002060553152,
      0.9913719516237135,
      0.9956273209054851,
      1.0,
      0.8689979934453282,
      0.9982169995719521,
      0.9970613601703294,
      0.9989145472664468
    ],
    [
      0.8531686869213293,
      0.7532075418524392,
      0.7081406756340587,
      0.7695777875538629,
      0.8355149224019768,
      0.7937293425868572,
      0.8689979934453282,
      1.0,
      0.7536527758371494,
      0.7850252803250369,
      0.7879099036517921
    ],
    [
      0.9436845976720646,
      0.973698392998559,
      0.9330386943043758,
      0.8949885570789037,
      0.919760327665569,
      0.9555151623217979,
      0.9982169995719521,
      0.7536527758371494,
      1.0,
      0.9580473235643824,
      0.9755639972508328
    ],
    [
      0.9197309875540448,
      0.9221367416783466,
      0.8140602677179758,
      0.8651492168197017,
      0.9006684803914765,
      0.9339852395457132,
      0.9970613601703294,
      0.7850252803250369,
      0.9580473235643824,
      1.0,
      0.9685748839400022
    ],
    [
      0.971622605098514,
      0.9775104799587426,
      0.941891923338056,
      0.8981684064126111,
      0.9548187493811667,
      0.9634624933833852,
      0.9989145472664468,
      0.7879099036517921,
      0.9755639972508328,
      0.9685748839400022,
      1.0
    ]
  ],
  "last_updated": "2025-11-13T18:08:07.979154",
  "reset_reason": "Fixed saturation issue (hard_reset approach) - Nov 13, 2025",
  "previous_state": "saturated (mean=0.554)",
  "r_matrix_metadata": {
    "shape": [
      11,
      11
    ],
    "learning_rate": 0.005,
    "total_updates": 165,
    "mean": 0.7805162906914643,
    "std": 0.10414376634063743,
    "approach": "hard_reset"
  }
}