{
  "r_matrix": [
    [
      0.0,
      0.5146821128200175,
      0.38295595544711686,
      0.3045906727803869,
      0.5166002434097624,
      0.5211181874869925,
      0.7454767289878154,
      0.21492188163803702,
      0.4847013926746962,
      0.4400889141343529,
      0.5430875581508814
    ],
    [
      0.5146821128200175,
      0.0,
      0.35085330325389275,
      0.4698381560372652,
      0.44024469096487245,
      0.563830427605491,
      0.7034006238507189,
      0.18353750626762766,
      0.4426617058218088,
      0.3899709489074854,
      0.49877540199899406
    ],
    [
      0.38295595544711686,
      0.35085330325389275,
      0.0,
      0.23706741411595858,
      0.34273318059288405,
      0.4039152144945099,
      0.5607610064678504,
      0.17244845426086833,
      0.3369764113037598,
      0.26361416712573177,
      0.38326660538142937
    ],
    [
      0.3045906727803869,
      0.4698381560372652,
      0.23706741411595858,
      0.0,
      0.30565446167364785,
      0.4285079862542617,
      0.5023755293619397,
      0.10420875082943767,
      0.2943207314034074,
      0.22431745257295047,
      0.32516862967997806
    ],
    [
      0.5166002434097624,
      0.44024469096487245,
      0.34273318059288405,
      0.30565446167364785,
      0.0,
      0.5123547891996797,
      0.7766069209390827,
      0.21590496584565314,
      0.5099759266824248,
      0.5075596158106707,
      0.5611653135291641
    ],
    [
      0.5211181874869925,
      0.563830427605491,
      0.4039152144945099,
      0.4285079862542617,
      0.5123547891996797,
      0.0,
      0.7447690617512992,
      0.24596647974130323,
      0.47784113350759055,
      0.4457392896364867,
      0.5353843815200289
    ],
    [
      0.7454767289878154,
      0.7034006238507189,
      0.5607610064678504,
      0.5023755293619397,
      0.7766069209390827,
      0.7447690617512992,
      0.0,
      0.32981324811117396,
      0.8131914151271963,
      0.7870087480080751,
      0.8437537251627485
    ],
    [
      0.21492188163803702,
      0.18353750626762766,
      0.17244845426086833,
      0.10420875082943767,
      0.21590496584565314,
      0.24596647974130323,
      0.32981324811117396,
      0.0,
      0.16963027378307757,
      0.1571062722755552,
      0.21737453312074964
    ],
    [
      0.4847013926746962,
      0.4426617058218088,
      0.3369764113037598,
      0.2943207314034074,
      0.5099759266824248,
      0.47784113350759055,
      0.8131914151271963,
      0.16963027378307757,
      0.0,
      0.5196520814855079,
      0.5949334831022111
    ],
    [
      0.4400889141343529,
      0.3899709489074854,
      0.26361416712573177,
      0.22431745257295047,
      0.5075596158106707,
      0.4457392896364867,
      0.7870087480080751,
      0.1571062722755552,
      0.5196520814855079,
      0.0,
      0.5695988776709059
    ],
    [
      0.5430875581508814,
      0.49877540199899406,
      0.38326660538142937,
      0.32516862967997806,
      0.5611653135291641,
      0.5353843815200289,
      0.8437537251627485,
      0.21737453312074964,
      0.5949334831022111,
      0.5695988776709059,
      0.0
    ]
  ],
  "last_updated": "2025-11-15T19:23:47.618923",
  "reset_reason": "Nov 15 2025: Fresh baseline for intelligence emergence epoch training",
  "previous_state": {
    "mean": 0.946,
    "note": "Was saturated from semantic initialization"
  },
  "r_matrix_metadata": {
    "shape": [
      11,
      11
    ],
    "learning_rate": 0.005,
    "initialization": "zeros",
    "purpose": "Measure honest R-matrix growth from zero baseline",
    "total_updates": 55
  }
}