{
  "r_matrix": [
    [
      0.0,
      0.013233245241660436,
      0.009544146519596603,
      0.0,
      0.03688992323266613,
      0.01894084774042694,
      0.04725900626486051,
      0.0069999398552384184,
      0.022100428252639772,
      0.027900624996413097,
      0.026539511168514513
    ],
    [
      0.013233245241660436,
      0.0,
      0.0,
      0.006615258638222243,
      0.029389831756221885,
      0.02748089782324056,
      0.048427897143145,
      0.0,
      0.021190811436366478,
      0.033232994457943865,
      0.030212852557895725
    ],
    [
      0.009544146519596603,
      0.0,
      0.0,
      0.0,
      0.006227040410625146,
      0.010779253978237752,
      0.018252388580953214,
      0.003277162639045556,
      0.009159811384967796,
      0.009159811384967796,
      0.010129106133839801
    ],
    [
      0.0,
      0.006615258638222243,
      0.0,
      0.0,
      0.006248320209958262,
      0.0,
      0.007348932221623327,
      0.0,
      0.003677853996259573,
      0.004596258781121994,
      0.005514240080303427
    ],
    [
      0.03688992323266613,
      0.029389831756221885,
      0.006227040410625146,
      0.006248320209958262,
      0.0,
      0.04748798212396778,
      0.08771250629046777,
      0.0069579521902880725,
      0.04175543211567932,
      0.056888372923888604,
      0.05187349287220707
    ],
    [
      0.01894084774042694,
      0.02748089782324056,
      0.010779253978237752,
      0.0,
      0.04748798212396778,
      0.0,
      0.08162943719254356,
      0.004602224641210793,
      0.0380358920984572,
      0.0547617232199338,
      0.04302780063720188
    ],
    [
      0.04725900626486051,
      0.048427897143145,
      0.018252388580953214,
      0.007348932221623327,
      0.08771250629046777,
      0.08162943719254356,
      0.0,
      0.008439410514287175,
      0.07626113287391544,
      0.09410464188331574,
      0.0849818608443091
    ],
    [
      0.0069999398552384184,
      0.0,
      0.003277162639045556,
      0.0,
      0.0069579521902880725,
      0.004602224641210793,
      0.008439410514287175,
      0.0,
      0.004226393275154579,
      0.00448156302263909,
      0.0051876740120641324
    ],
    [
      0.022100428252639772,
      0.021190811436366478,
      0.009159811384967796,
      0.003677853996259573,
      0.04175543211567932,
      0.0380358920984572,
      0.07626113287391544,
      0.004226393275154579,
      0.0,
      0.0446028335086068,
      0.04071327413805
    ],
    [
      0.027900624996413097,
      0.033232994457943865,
      0.009159811384967796,
      0.004596258781121994,
      0.056888372923888604,
      0.0547617232199338,
      0.09410464188331574,
      0.00448156302263909,
      0.0446028335086068,
      0.0,
      0.0532745230932676
    ],
    [
      0.026539511168514513,
      0.030212852557895725,
      0.010129106133839801,
      0.005514240080303427,
      0.05187349287220707,
      0.04302780063720188,
      0.0849818608443091,
      0.0051876740120641324,
      0.04071327413805,
      0.0532745230932676,
      0.0
    ]
  ],
  "last_updated": "2025-11-16T07:46:24.785023",
  "reset_reason": "RNX Learning Assessment Reset - 20251116_074624",
  "r_matrix_metadata": {
    "shape": [
      11,
      11
    ],
    "learning_rate": 0.005,
    "initialization": "zeros",
    "purpose": "Fresh baseline for RNX learning assessment",
    "total_updates": 2200
  }
}