{
  "r_matrix": [
    [
      0.0,
      0.013880941518975752,
      0.010191699123047921,
      0.010446860011328326,
      0.01926680052861441,
      0.012794793464018517,
      0.022527058886372853,
      0.004783485987866828,
      0.011316898724589746,
      0.0020905613275507993,
      0.013365291105900031
    ],
    [
      0.013880941518975752,
      0.0,
      0.011033729247223713,
      0.008278763622548467,
      0.014612238999817805,
      0.012357747759974894,
      0.0170079862142089,
      0.003523612398065132,
      0.008531308280775566,
      0.0021451834220867585,
      0.01078347130640572
    ],
    [
      0.010191699123047921,
      0.011033729247223713,
      0.0,
      0.007603839430599155,
      0.010663113921363954,
      0.009675901615975245,
      0.012384545718602275,
      0.0018543650577842385,
      0.006205124432758193,
      0.0014585986411210568,
      0.008280175554799776
    ],
    [
      0.010446860011328326,
      0.008278763622548467,
      0.007603839430599155,
      0.0,
      0.011090044811307992,
      0.009077594134493284,
      0.012924181265958574,
      0.0,
      0.006476062522498077,
      0.001152755402486545,
      0.008739765731886517
    ],
    [
      0.01926680052861441,
      0.014612238999817805,
      0.010663113921363954,
      0.011090044811307992,
      0.0,
      0.013385344263443278,
      0.023837596597016623,
      0.005045545108196258,
      0.011978657219525181,
      0.0022636815796284013,
      0.01410836182382638
    ],
    [
      0.012794793464018517,
      0.012357747759974894,
      0.009675901615975245,
      0.009077594134493284,
      0.013385344263443278,
      0.0,
      0.015554461254458616,
      0.0024182941649696105,
      0.007800170544411001,
      0.0016493570826887544,
      0.010273338409896368
    ],
    [
      0.022527058886372853,
      0.0170079862142089,
      0.012384545718602275,
      0.012924181265958574,
      0.023837596597016623,
      0.015554461254458616,
      0.0,
      0.00592980541239318,
      0.014011700334423229,
      0.002632451085047005,
      0.016469385274578332
    ],
    [
      0.004783485987866828,
      0.003523612398065132,
      0.0018543650577842385,
      0.0,
      0.005045545108196258,
      0.0024182941649696105,
      0.00592980541239318,
      0.0,
      0.0029678340237934983,
      0.0005944006417171602,
      0.0029678340237934983
    ],
    [
      0.011316898724589746,
      0.008531308280775566,
      0.006205124432758193,
      0.006476062522498077,
      0.011978657219525181,
      0.007800170544411001,
      0.014011700334423229,
      0.0029678340237934983,
      0.0,
      0.0013168737043470773,
      0.008262826736491357
    ],
    [
      0.0020905613275507993,
      0.0021451834220867585,
      0.0014585986411210568,
      0.001152755402486545,
      0.0022636815796284013,
      0.0016493570826887544,
      0.002632451085047005,
      0.0005944006417171602,
      0.0013168737043470773,
      0.0,
      0.0015852766349139674
    ],
    [
      0.013365291105900031,
      0.01078347130640572,
      0.008280175554799776,
      0.008739765731886517,
      0.01410836182382638,
      0.010273338409896368,
      0.016469385274578332,
      0.0029678340237934983,
      0.008262826736491357,
      0.0015852766349139674,
      0.0
    ]
  ],
  "last_updated": "2025-11-16T08:03:19.764378",
  "reset_reason": "Multi-family emergence training - 20251116_080319",
  "r_matrix_metadata": {
    "shape": [
      11,
      11
    ],
    "learning_rate": 0.005,
    "initialization": "zeros",
    "total_updates": 330
  }
}