{
  "r_matrix": [
    [
      0.0,
      0.013233245241660436,
      0.012812813051787341,
      0.0,
      0.03688992323266613,
      0.022749854657110734,
      0.050958066639137684,
      0.0069999398552384184,
      0.023998798103238895,
      0.02978773508277462,
      0.02748438735832872
    ],
    [
      0.013233245241660436,
      0.0,
      0.0,
      0.006615258638222243,
      0.032731266188239266,
      0.03130342453143368,
      0.05216809080083287,
      0.0,
      0.023114436513310868,
      0.03513295338472118,
      0.0321187468812373
    ],
    [
      0.012812813051787341,
      0.0,
      0.0,
      0.0,
      0.006227040410625146,
      0.014406576728563042,
      0.021852308477800463,
      0.003277162639045556,
      0.010976441885568334,
      0.010976441885568334,
      0.011036532819856393
    ],
    [
      0.0,
      0.006615258638222243,
      0.0,
      0.0,
      0.006248320209958262,
      0.0,
      0.007348932221623327,
      0.0,
      0.003677853996259573,
      0.004596258781121994,
      0.005514240080303427
    ],
    [
      0.03688992323266613,
      0.032731266188239266,
      0.006227040410625146,
      0.006248320209958262,
      0.0,
      0.050939697406379096,
      0.09101845584794598,
      0.0069579521902880725,
      0.04349167657096157,
      0.05859719798598989,
      0.05359140440134969
    ],
    [
      0.022749854657110734,
      0.03130342453143368,
      0.014406576728563042,
      0.0,
      0.050939697406379096,
      0.0,
      0.0893745182346598,
      0.004602224641210793,
      0.04209654818477493,
      0.05875177599851453,
      0.04603743981901921
    ],
    [
      0.050958066639137684,
      0.05216809080083287,
      0.021852308477800463,
      0.007348932221623327,
      0.09101845584794598,
      0.0893745182346598,
      0.0,
      0.008439410514287175,
      0.08361439235308657,
      0.10131586127254968,
      0.09128460659394091
    ],
    [
      0.0069999398552384184,
      0.0,
      0.003277162639045556,
      0.0,
      0.0069579521902880725,
      0.004602224641210793,
      0.008439410514287175,
      0.0,
      0.004226393275154579,
      0.00448156302263909,
      0.0051876740120641324
    ],
    [
      0.023998798103238895,
      0.023114436513310868,
      0.010976441885568334,
      0.003677853996259573,
      0.04349167657096157,
      0.04209654818477493,
      0.08361439235308657,
      0.004226393275154579,
      0.0,
      0.04841115973967214,
      0.04402132219954916
    ],
    [
      0.02978773508277462,
      0.03513295338472118,
      0.010976441885568334,
      0.004596258781121994,
      0.05859719798598989,
      0.05875177599851453,
      0.10131586127254968,
      0.00448156302263909,
      0.04841115973967214,
      0.0,
      0.056539254371435935
    ],
    [
      0.02748438735832872,
      0.0321187468812373,
      0.011036532819856393,
      0.005514240080303427,
      0.05359140440134969,
      0.04603743981901921,
      0.09128460659394091,
      0.0051876740120641324,
      0.04402132219954916,
      0.056539254371435935,
      0.0
    ]
  ],
  "last_updated": "2025-11-16T07:52:04.337626",
  "reset_reason": "RNX Learning Assessment Reset - 20251116_075204",
  "r_matrix_metadata": {
    "shape": [
      11,
      11
    ],
    "learning_rate": 0.005,
    "initialization": "zeros",
    "purpose": "Fresh baseline for RNX learning assessment",
    "total_updates": 110
  }
}