{
  "r_matrix": [
    [
      1.0,
      0.9839684950017479,
      0.9544696739298876,
      0.8908039307130203,
      0.969097815426747,
      0.9822041297241051,
      0.995381913876254,
      0.8493708162000254,
      0.9427272230984372,
      0.9172333247231282,
      0.9708907424191288
    ],
    [
      0.9839684950017479,
      1.0,
      0.9540590205387103,
      0.9400859531740866,
      0.941362572204336,
      0.9695289830695414,
      0.9977218771481935,
      0.7511980408670147,
      0.973306878672188,
      0.9198977460766871,
      0.9768306477223746
    ],
    [
      0.9544696739298876,
      0.9540590205387103,
      1.0,
      0.9003880584787964,
      0.9315102229515559,
      0.9234845882300606,
      0.9835839460292374,
      0.7060514871021701,
      0.9321935397189881,
      0.813566193458797,
      0.9411585101088974
    ],
    [
      0.8908039307130203,
      0.9400859531740866,
      0.9003880584787964,
      1.0,
      0.8757722516420969,
      0.864427513244854,
      0.9666471959269194,
      0.7684527889398974,
      0.8944259176426553,
      0.8651014544815672,
      0.8976228042495084
    ],
    [
      0.969097815426747,
      0.941362572204336,
      0.9315102229515559,
      0.8757722516420969,
      1.0,
      0.9604275689203879,
      0.9905881781363375,
      0.8305515262925222,
      0.9175667831273756,
      0.8947134717230163,
      0.9525028466389035
    ],
    [
      0.9822041297241051,
      0.9695289830695414,
      0.9234845882300606,
      0.864427513244854,
      0.9604275689203879,
      1.0,
      0.9953048371979702,
      0.7869358400132779,
      0.954377826317831,
      0.931207362372151,
      0.9621404116363395
    ],
    [
      0.995381913876254,
      0.9977218771481935,
      0.9835839460292374,
      0.9666471959269194,
      0.9905881781363375,
      0.9953048371979702,
      1.0,
      0.8637884411961488,
      0.9981063331652857,
      0.9967734568273033,
      0.9988153267491623
    ],
    [
      0.8493708162000254,
      0.7511980408670147,
      0.7060514871021701,
      0.7684527889398974,
      0.8305515262925222,
      0.7869358400132779,
      0.8637884411961488,
      1.0,
      0.7505820281287864,
      0.7796539364370331,
      0.7837365298403107
    ],
    [
      0.9427272230984372,
      0.973306878672188,
      0.9321935397189881,
      0.8944259176426553,
      0.9175667831273756,
      0.954377826317831,
      0.9981063331652857,
      0.7505820281287864,
      1.0,
      0.9568926665207002,
      0.9747786101925672
    ],
    [
      0.9172333247231282,
      0.9198977460766871,
      0.813566193458797,
      0.8651014544815672,
      0.8947134717230163,
      0.931207362372151,
      0.9967734568273033,
      0.7796539364370331,
      0.9568926665207002,
      1.0,
      0.9668178962319309
    ],
    [
      0.9708907424191288,
      0.9768306477223746,
      0.9411585101088974,
      0.8976228042495084,
      0.9525028466389035,
      0.9621404116363395,
      0.9988153267491623,
      0.7837365298403107,
      0.9747786101925672,
      0.9668178962319309,
      1.0
    ]
  ],
  "last_updated": "2025-11-13T18:08:07.979154",
  "reset_reason": "Fixed saturation issue (hard_reset approach) - Nov 13, 2025",
  "previous_state": "saturated (mean=0.554)",
  "r_matrix_metadata": {
    "shape": [
      11,
      11
    ],
    "learning_rate": 0.005,
    "total_updates": 110,
    "mean": 0.7805162906914643,
    "std": 0.10414376634063743,
    "approach": "hard_reset"
  }
}