{
  "r_matrix": [
    [
      1.0,
      0.9999999872193214,
      0.9999997197805818,
      0.999988545591511,
      0.9999999999990228,
      0.9999999999999988,
      0.9999999999999988,
      0.9999982134690203,
      0.9999999986104721,
      0.999999999999727,
      0.9999999999936448
    ],
    [
      0.9999999872193214,
      1.0,
      0.9999981720842964,
      0.9999999895044734,
      0.999999999997576,
      0.9999999993826577,
      0.9999999999999988,
      0.9949999378586197,
      0.9999999990831955,
      0.9999999999992152,
      0.9999999999999379
    ],
    [
      0.9999997197805818,
      0.9999981720842964,
      1.0,
      0.9997156484873001,
      0.9999938006013432,
      0.9999998441699762,
      0.9999999999644433,
      0.9966719146730878,
      0.9999930372335609,
      0.9998645111153228,
      0.9999992966652237
    ],
    [
      0.999988545591511,
      0.9999999895044734,
      0.9997156484873001,
      1.0,
      0.9999315266383788,
      0.9999998188853719,
      0.9999999982122233,
      0.964030946078199,
      0.9999526248625609,
      0.9989364263379901,
      0.999986685610929
    ],
    [
      0.9999999999990228,
      0.999999999997576,
      0.9999938006013432,
      0.9999315266383788,
      1.0,
      0.9999999999999987,
      0.9999999999999987,
      0.999997439869191,
      0.9999999996812364,
      0.9999999999999986,
      0.9999999999999973
    ],
    [
      0.9999999999999988,
      0.9999999993826577,
      0.9999998441699762,
      0.9999998188853719,
      0.9999999999999987,
      1.0,
      0.9999999999999989,
      0.9999999999947056,
      0.9999999999998219,
      0.9999999999999988,
      0.9999999999999984
    ],
    [
      0.9999999999999988,
      0.9999999999999988,
      0.9999999999644433,
      0.9999999982122233,
      0.9999999999999987,
      0.9999999999999989,
      1.0,
      0.999999999999695,
      0.9999999999999978,
      0.9999999999999988,
      0.9999999999999986
    ],
    [
      0.9999982134690203,
      0.9949999378586197,
      0.9966719146730878,
      0.964030946078199,
      0.999997439869191,
      0.9999999999947056,
      0.999999999999695,
      1.0,
      0.999982050951592,
      0.9999999998503769,
      0.9999998048636028
    ],
    [
      0.9999999986104721,
      0.9999999990831955,
      0.9999930372335609,
      0.9999526248625609,
      0.9999999996812364,
      0.9999999999998219,
      0.9999999999999978,
      0.999982050951592,
      1.0,
      0.999999999999997,
      0.9999999999999969
    ],
    [
      0.999999999999727,
      0.9999999999992152,
      0.9998645111153228,
      0.9989364263379901,
      0.9999999999999986,
      0.9999999999999988,
      0.9999999999999988,
      0.9999999998503769,
      0.999999999999997,
      1.0,
      0.9999999999999983
    ],
    [
      0.9999999999936448,
      0.9999999999999379,
      0.9999992966652237,
      0.999986685610929,
      0.9999999999999973,
      0.9999999999999984,
      0.9999999999999986,
      0.9999998048636028,
      0.9999999999999969,
      0.9999999999999983,
      1.0
    ]
  ],
  "last_updated": "2025-11-13T08:47:59.476964",
  "reset_reason": "Clean baseline for stability validation (Nov 13, 2025)",
  "previous_state": "saturated (mean=0.988, std=0.027)",
  "r_matrix_metadata": {
    "shape": [
      11,
      11
    ],
    "learning_rate": 0.05,
    "total_updates": 220
  }
}