{
  "r_matrix": [
    [
      1.0,
      0.9839684950017479,
      0.9544696739298876,
      0.8908039307130203,
      0.9692826447999118,
      0.9823313681270464,
      0.9954149326549886,
      0.8501138083192143,
      0.9428092393711694,
      0.9178250968261907,
      0.9709948996619657
    ],
    [
      0.9839684950017479,
      1.0,
      0.9540590205387103,
      0.9400859531740866,
      0.9417014771734546,
      0.9695289830695414,
      0.9977373635372658,
      0.7511980408670147,
      0.9733432194693091,
      0.9204422709994091,
      0.9769488248118096
    ],
    [
      0.9544696739298876,
      0.9540590205387103,
      1.0,
      0.9003880584787964,
      0.9315102229515559,
      0.9234845882300606,
      0.9835839460292374,
      0.7060514871021701,
      0.9321935397189881,
      0.813566193458797,
      0.9411585101088974
    ],
    [
      0.8908039307130203,
      0.9400859531740866,
      0.9003880584787964,
      1.0,
      0.8757722516420969,
      0.864427513244854,
      0.9666471959269194,
      0.7684527889398974,
      0.8944259176426553,
      0.8651014544815672,
      0.8976228042495084
    ],
    [
      0.9692826447999118,
      0.9417014771734546,
      0.9315102229515559,
      0.8757722516420969,
      1.0,
      0.9607106770425851,
      0.990716506285141,
      0.8313878482729222,
      0.917792500733479,
      0.8961490306895423,
      0.9529046842446159
    ],
    [
      0.9823313681270464,
      0.9695289830695414,
      0.9234845882300606,
      0.864427513244854,
      0.9607106770425851,
      1.0,
      0.995344988748151,
      0.7881929861710839,
      0.9544559896334956,
      0.9317956552936625,
      0.9623024670496549
    ],
    [
      0.9954149326549886,
      0.9977373635372658,
      0.9835839460292374,
      0.9666471959269194,
      0.990716506285141,
      0.995344988748151,
      1.0,
      0.864592132618534,
      0.9981266321498475,
      0.9968494006341255,
      0.9988359833642664
    ],
    [
      0.8501138083192143,
      0.7511980408670147,
      0.7060514871021701,
      0.7684527889398974,
      0.8313878482729222,
      0.7881929861710839,
      0.864592132618534,
      1.0,
      0.7508767055210865,
      0.7809540481367817,
      0.7843750133440507
    ],
    [
      0.9428092393711694,
      0.9733432194693091,
      0.9321935397189881,
      0.8944259176426553,
      0.917792500733479,
      0.9544559896334956,
      0.9981266321498475,
      0.7508767055210865,
      1.0,
      0.9571939511093848,
      0.9749237513870262
    ],
    [
      0.9178250968261907,
      0.9204422709994091,
      0.813566193458797,
      0.8651014544815672,
      0.8961490306895423,
      0.9317956552936625,
      0.9968494006341255,
      0.7809540481367817,
      0.9571939511093848,
      1.0,
      0.9672735410887244
    ],
    [
      0.9709948996619657,
      0.9769488248118096,
      0.9411585101088974,
      0.8976228042495084,
      0.9529046842446159,
      0.9623024670496549,
      0.9988359833642664,
      0.7843750133440507,
      0.9749237513870262,
      0.9672735410887244,
      1.0
    ]
  ],
  "last_updated": "2025-11-13T18:08:07.979154",
  "reset_reason": "Fixed saturation issue (hard_reset approach) - Nov 13, 2025",
  "previous_state": "saturated (mean=0.554)",
  "r_matrix_metadata": {
    "shape": [
      11,
      11
    ],
    "learning_rate": 0.005,
    "total_updates": 165,
    "mean": 0.7805162906914643,
    "std": 0.10414376634063743,
    "approach": "hard_reset"
  }
}