{
  "epoch_id": 5,
  "regime": "CONVERGING",
  "total_pairs": 15,
  "converged_count": 9,
  "convergence_rate": 0.6,
  "mean_iterations": 3.4,
  "mean_satisfaction": 0.882925891286933,
  "mean_confidence": 0.6666666666666667,
  "mean_tau": 0.5061962654035547,
  "families_discovered": 1,
  "mean_r_matrix_coupling": 0.9007078363950791,
  "mean_v0_final": 0.0021229709251700166,
  "mean_convergence_cycles": 3.0,
  "regime_distribution": {
    "STABLE": 15
  },
  "task_rewards": [
    0.8,
    0.8,
    0.3,
    0.3,
    0.8,
    0.8,
    0.8,
    0.3,
    0.8,
    0.8,
    0.8,
    0.8,
    0.3,
    0.8,
    0.8
  ],
  "epoch_reward": 0.6666666666666667,
  "start_time": "2025-11-13T08:49:52.098753",
  "end_time": "2025-11-13T08:49:53.787170",
  "total_time_seconds": 1.688417,
  "pair_results": [
    {
      "pair_id": "boundaries_005",
      "input_text": "Our organization finally recognized that sustainable pace is better\n        than crunch time. We mandate that people take their full vacation.\n        We actively monitor for signs of overwork. Leadership models boundaries\n        by not sending late-night emails. This culture shift has reduced\n        turnover and increased innovation.",
      "converged": true,
      "iterations": 3,
      "converged_at": 3,
      "convergence_decision": "HALT",
      "final_satisfaction": 0.8912365574664117,
      "final_coherence": 0.78,
      "final_variance": 0.0022757956397983425,
      "final_confidence": 0.8,
      "final_regime": "STABLE",
      "final_tau": 0.5048247311493282,
      "satisfaction_history": [
        0.8912365574664117,
        0.8912365574664117,
        0.8912365574664117
      ],
      "regime_history": [
        "INITIALIZING",
        "INITIALIZING",
        "STABLE"
      ],
      "tau_history": [
        0.5,
        0.5,
        0.5,
        0.5048247311493282
      ],
      "r_matrix_updated": true,
      "family_assigned": null,
      "v0_target_learned": true,
      "start_time": "2025-11-13T08:49:52.098839",
      "end_time": "2025-11-13T08:49:52.178011",
      "total_time_seconds": 0.079172
    },
    {
      "pair_id": "boundaries_004",
      "input_text": "I want to set boundaries, but I'm afraid of the consequences. My\n        manager makes comments about people who \"aren't committed enough.\"\n        There's pressure to always be available, always say yes. I know I need\n        limits for my health, but I'm scared that boundaries will hurt my\n        career advancement here.",
      "converged": true,
      "iterations": 3,
      "converged_at": 3,
      "convergence_decision": "HALT",
      "final_satisfaction": 0.9693101802205008,
      "final_coherence": 0.78,
      "final_variance": 0.0009539924149753029,
      "final_confidence": 0.8,
      "final_regime": "STABLE",
      "final_tau": 0.50638620360441,
      "satisfaction_history": [
        0.9693101802205008,
        0.9693101802205008,
        0.9693101802205008
      ],
      "regime_history": [
        "INITIALIZING",
        "INITIALIZING",
        "STABLE"
      ],
      "tau_history": [
        0.5,
        0.5,
        0.5,
        0.50638620360441
      ],
      "r_matrix_updated": true,
      "family_assigned": null,
      "v0_target_learned": true,
      "start_time": "2025-11-13T08:49:52.178062",
      "end_time": "2025-11-13T08:49:52.313769",
      "total_time_seconds": 0.135707
    },
    {
      "pair_id": "boundaries_002",
      "input_text": "Our team explicitly discusses capacity in our planning sessions. We\n        say no to projects that would overextend us. We build in buffer time\n        for the unexpected. This sustainable pacing means we actually finish\n        what we commit to, and we finish it well. The boundaries have made us\n        more reliable, not less.",
      "converged": false,
      "iterations": 4,
      "converged_at": 4,
      "convergence_decision": "MAX_ITERATIONS",
      "final_satisfaction": 0.8320624539103757,
      "final_coherence": 0.605,
      "final_variance": 0.0027571835925162174,
      "final_confidence": 0.3,
      "final_regime": "STABLE",
      "final_tau": 0.507282498156415,
      "satisfaction_history": [
        0.8320624539103757,
        0.8320624539103757,
        0.8320624539103757,
        0.8320624539103757
      ],
      "regime_history": [
        "INITIALIZING",
        "INITIALIZING",
        "STABLE",
        "STABLE"
      ],
      "tau_history": [
        0.5,
        0.5,
        0.5,
        0.5036412490782075,
        0.507282498156415
      ],
      "r_matrix_updated": true,
      "family_assigned": null,
      "v0_target_learned": true,
      "start_time": "2025-11-13T08:49:52.313800",
      "end_time": "2025-11-13T08:49:52.425086",
      "total_time_seconds": 0.111286
    },
    {
      "pair_id": "boundaries_003",
      "input_text": "We implemented a team agreement: no meetings before 10am or after 4pm,\n        and Fridays are meeting-free for deep work. These boundaries have given\n        everyone space to think and recharge. Productivity has actually increased\n        because we're working with our natural rhythms instead of against them.",
      "converged": false,
      "iterations": 4,
      "converged_at": 4,
      "convergence_decision": "MAX_ITERATIONS",
      "final_satisfaction": 0.8708904157304034,
      "final_coherence": 0.605,
      "final_variance": 0.002444294346289618,
      "final_confidence": 0.3,
      "final_regime": "STABLE",
      "final_tau": 0.5088356166292161,
      "satisfaction_history": [
        0.8708904157304034,
        0.8708904157304034,
        0.8708904157304034,
        0.8708904157304034
      ],
      "regime_history": [
        "INITIALIZING",
        "INITIALIZING",
        "STABLE",
        "STABLE"
      ],
      "tau_history": [
        0.5,
        0.5,
        0.5,
        0.504417808314608,
        0.5088356166292161
      ],
      "r_matrix_updated": true,
      "family_assigned": null,
      "v0_target_learned": true,
      "start_time": "2025-11-13T08:49:52.425117",
      "end_time": "2025-11-13T08:49:52.524146",
      "total_time_seconds": 0.099029
    },
    {
      "pair_id": "witnessing_004",
      "input_text": "Nobody really listens here. In meetings, people are waiting for their\n        turn to talk, not actually hearing each other. When someone shares a\n        struggle, the response is immediate advice or fixing, not presence.\n        There's no space for being witnessed. It's all about moving fast and\n        getting things done, with no room for the human experience.",
      "converged": true,
      "iterations": 3,
      "converged_at": 3,
      "convergence_decision": "HALT",
      "final_satisfaction": 0.9912267735826561,
      "final_coherence": 0.78,
      "final_variance": 0.00041579809641166846,
      "final_confidence": 0.8,
      "final_regime": "STABLE",
      "final_tau": 0.5068245354716531,
      "satisfaction_history": [
        0.9912267735826561,
        0.9912267735826561,
        0.9912267735826561
      ],
      "regime_history": [
        "INITIALIZING",
        "INITIALIZING",
        "STABLE"
      ],
      "tau_history": [
        0.5,
        0.5,
        0.5,
        0.5068245354716531
      ],
      "r_matrix_updated": true,
      "family_assigned": null,
      "v0_target_learned": true,
      "start_time": "2025-11-13T08:49:52.524179",
      "end_time": "2025-11-13T08:49:52.691808",
      "total_time_seconds": 0.167629
    },
    {
      "pair_id": "toxic_prod_001",
      "input_text": "Our company culture valorizes overwork. People brag about pulling\n        all-nighters and working through weekends. If you leave at 5pm, you're\n        seen as not committed. There's constant competition to be the most\n        productive, the most available, the most sacrificing. It's exhausting\n        and destructive, but nobody wants to be the first to slow down.",
      "converged": true,
      "iterations": 3,
      "converged_at": 3,
      "convergence_decision": "HALT",
      "final_satisfaction": 0.7932167464703949,
      "final_coherence": 0.78,
      "final_variance": 0.003032821051767538,
      "final_confidence": 0.8,
      "final_regime": "STABLE",
      "final_tau": 0.5028643349294079,
      "satisfaction_history": [
        0.7932167464703949,
        0.7932167464703949,
        0.7932167464703949
      ],
      "regime_history": [
        "INITIALIZING",
        "INITIALIZING",
        "STABLE"
      ],
      "tau_history": [
        0.5,
        0.5,
        0.5,
        0.5028643349294079
      ],
      "r_matrix_updated": true,
      "family_assigned": null,
      "v0_target_learned": true,
      "start_time": "2025-11-13T08:49:52.691843",
      "end_time": "2025-11-13T08:49:52.763107",
      "total_time_seconds": 0.071264
    },
    {
      "pair_id": "witnessing_003",
      "input_text": "When our project failed, our director didn't rush to blame or problem-solve.\n        She held space for the team to process the disappointment and frustration.\n        That witnessing of our grief about the failure was incredibly healing.\n        It allowed us to move forward without carrying resentment or shame.",
      "converged": true,
      "iterations": 3,
      "converged_at": 3,
      "convergence_decision": "HALT",
      "final_satisfaction": 0.9482796212734478,
      "final_coherence": 0.78,
      "final_variance": 0.0012385476401152692,
      "final_confidence": 0.8,
      "final_regime": "STABLE",
      "final_tau": 0.5059655924254689,
      "satisfaction_history": [
        0.9482796212734478,
        0.9482796212734478,
        0.9482796212734478
      ],
      "regime_history": [
        "INITIALIZING",
        "INITIALIZING",
        "STABLE"
      ],
      "tau_history": [
        0.5,
        0.5,
        0.5,
        0.5059655924254689
      ],
      "r_matrix_updated": true,
      "family_assigned": null,
      "v0_target_learned": true,
      "start_time": "2025-11-13T08:49:52.763140",
      "end_time": "2025-11-13T08:49:52.891147",
      "total_time_seconds": 0.128007
    },
    {
      "pair_id": "toxic_prod_005",
      "input_text": "Every meeting ends with more action items than we started with. We're\n        in constant execution mode with no time for reflection or strategic\n        thinking. The pace is relentless. If you're not visibly busy, you're\n        suspect. Rest is equated with laziness. This performative productivity\n        is destroying our capacity for actual innovation.",
      "converged": false,
      "iterations": 4,
      "converged_at": 4,
      "convergence_decision": "MAX_ITERATIONS",
      "final_satisfaction": 0.7888188059162369,
      "final_coherence": 0.605,
      "final_variance": 0.003036592333230581,
      "final_confidence": 0.3,
      "final_regime": "STABLE",
      "final_tau": 0.5055527522366494,
      "satisfaction_history": [
        0.7888188059162369,
        0.7888188059162369,
        0.7888188059162369,
        0.7888188059162369
      ],
      "regime_history": [
        "INITIALIZING",
        "INITIALIZING",
        "STABLE",
        "STABLE"
      ],
      "tau_history": [
        0.5,
        0.5,
        0.5,
        0.5027763761183247,
        0.5055527522366494
      ],
      "r_matrix_updated": true,
      "family_assigned": null,
      "v0_target_learned": true,
      "start_time": "2025-11-13T08:49:52.891178",
      "end_time": "2025-11-13T08:49:52.985212",
      "total_time_seconds": 0.094034
    },
    {
      "pair_id": "scapegoat_003",
      "input_text": "Our team has an unspoken agreement: when things go wrong, we blame the\n        QA department. It's a collective shadow we're not willing to look at.\n        The scapegoating protects us from examining our own contribution to\n        failures, but it's destroying trust and collaboration across departments.",
      "converged": false,
      "iterations": 4,
      "converged_at": 4,
      "convergence_decision": "MAX_ITERATIONS",
      "final_satisfaction": 0.8885774253779437,
      "final_coherence": 0.78,
      "final_variance": 0.002251712990274544,
      "final_confidence": 0.8,
      "final_regime": "STABLE",
      "final_tau": 0.5095430970151178,
      "satisfaction_history": [
        0.8885774253779437,
        0.8885774253779437,
        0.8885774253779437,
        0.8885774253779437
      ],
      "regime_history": [
        "INITIALIZING",
        "INITIALIZING",
        "STABLE",
        "STABLE"
      ],
      "tau_history": [
        0.5,
        0.5,
        0.5,
        0.5047715485075589,
        0.5095430970151178
      ],
      "r_matrix_updated": true,
      "family_assigned": null,
      "v0_target_learned": true,
      "start_time": "2025-11-13T08:49:52.985244",
      "end_time": "2025-11-13T08:49:53.078200",
      "total_time_seconds": 0.092956
    },
    {
      "pair_id": "burnout_001",
      "input_text": "Our team is completely burned out. People are working 60-hour weeks,\n        missing deadlines anyway, and making careless mistakes. Nobody has\n        energy left. We're in a constant state of exhaustion and overwhelm.\n        Leadership keeps pushing for more without acknowledging the toll this\n        is taking. Several people have mentioned wanting to quit. The culture\n        feels toxic and unsustainable.",
      "converged": true,
      "iterations": 3,
      "converged_at": 3,
      "convergence_decision": "HALT",
      "final_satisfaction": 0.9091586829592934,
      "final_coherence": 0.78,
      "final_variance": 0.0020690661697736618,
      "final_confidence": 0.8,
      "final_regime": "STABLE",
      "final_tau": 0.5051831736591859,
      "satisfaction_history": [
        0.9091586829592934,
        0.9091586829592934,
        0.9091586829592934
      ],
      "regime_history": [
        "INITIALIZING",
        "INITIALIZING",
        "STABLE"
      ],
      "tau_history": [
        0.5,
        0.5,
        0.5,
        0.5051831736591859
      ],
      "r_matrix_updated": true,
      "family_assigned": null,
      "v0_target_learned": true,
      "start_time": "2025-11-13T08:49:53.078228",
      "end_time": "2025-11-13T08:49:53.196887",
      "total_time_seconds": 0.118659
    },
    {
      "pair_id": "psych_safety_002",
      "input_text": "In our retrospectives, people actually tell the truth about what's not\n        working. Leadership listens without getting defensive. We've created\n        space for difficult conversations. When there's conflict, we work\n        through it instead of avoiding it. The safety to be honest has made\n        us so much more effective.",
      "converged": true,
      "iterations": 3,
      "converged_at": 3,
      "convergence_decision": "HALT",
      "final_satisfaction": 0.910452874751285,
      "final_coherence": 0.78,
      "final_variance": 0.002055292290284768,
      "final_confidence": 0.8,
      "final_regime": "STABLE",
      "final_tau": 0.5052090574950256,
      "satisfaction_history": [
        0.910452874751285,
        0.910452874751285,
        0.910452874751285
      ],
      "regime_history": [
        "INITIALIZING",
        "INITIALIZING",
        "STABLE"
      ],
      "tau_history": [
        0.5,
        0.5,
        0.5,
        0.5052090574950256
      ],
      "r_matrix_updated": true,
      "family_assigned": null,
      "v0_target_learned": true,
      "start_time": "2025-11-13T08:49:53.196919",
      "end_time": "2025-11-13T08:49:53.276758",
      "total_time_seconds": 0.079839
    },
    {
      "pair_id": "scapegoat_005",
      "input_text": "The organizational shadow gets projected onto our remote workers. When\n        communication breaks down or deadlines slip, management blames \"remote\n        work culture\" instead of addressing actual systemic issues. The remote\n        team carries all the organization's anxiety about control and visibility.\n        It's a scapegoating dynamic that's destroying morale and trust.",
      "converged": true,
      "iterations": 3,
      "converged_at": 3,
      "convergence_decision": "HALT",
      "final_satisfaction": 0.8155831356813742,
      "final_coherence": 0.78,
      "final_variance": 0.002821561992472743,
      "final_confidence": 0.8,
      "final_regime": "STABLE",
      "final_tau": 0.5033116627136275,
      "satisfaction_history": [
        0.8155831356813742,
        0.8155831356813742,
        0.8155831356813742
      ],
      "regime_history": [
        "INITIALIZING",
        "INITIALIZING",
        "STABLE"
      ],
      "tau_history": [
        0.5,
        0.5,
        0.5,
        0.5033116627136275
      ],
      "r_matrix_updated": true,
      "family_assigned": null,
      "v0_target_learned": true,
      "start_time": "2025-11-13T08:49:53.276788",
      "end_time": "2025-11-13T08:49:53.371799",
      "total_time_seconds": 0.095011
    },
    {
      "pair_id": "burnout_002",
      "input_text": "I can't keep this pace. Every morning I wake up with anxiety about\n        the mountain of tasks ahead. My manager keeps adding more to my plate\n        without removing anything. I'm working weekends just to stay afloat.\n        I feel like I'm failing at everything. The stress is affecting my\n        health and my relationships outside work. Something has to change.",
      "converged": false,
      "iterations": 4,
      "converged_at": 4,
      "convergence_decision": "MAX_ITERATIONS",
      "final_satisfaction": 0.8338062488143764,
      "final_coherence": 0.605,
      "final_variance": 0.0027125940298657397,
      "final_confidence": 0.3,
      "final_regime": "STABLE",
      "final_tau": 0.5073522499525751,
      "satisfaction_history": [
        0.8338062488143764,
        0.8338062488143764,
        0.8338062488143764,
        0.8338062488143764
      ],
      "regime_history": [
        "INITIALIZING",
        "INITIALIZING",
        "STABLE",
        "STABLE"
      ],
      "tau_history": [
        0.5,
        0.5,
        0.5,
        0.5036761249762876,
        0.5073522499525751
      ],
      "r_matrix_updated": true,
      "family_assigned": null,
      "v0_target_learned": true,
      "start_time": "2025-11-13T08:49:53.371829",
      "end_time": "2025-11-13T08:49:53.495103",
      "total_time_seconds": 0.123274
    },
    {
      "pair_id": "witnessing_002",
      "input_text": "We've started doing \"check-ins\" at the beginning of meetings where\n        people can share how they're actually doing. It's not performative;\n        there's genuine space for presence. Sometimes someone will say they're\n        having a hard day and we'll adjust the agenda. This practice of\n        witnessing each other has deepened our connection as a team.",
      "converged": true,
      "iterations": 3,
      "converged_at": 3,
      "convergence_decision": "HALT",
      "final_satisfaction": 0.9621131135365899,
      "final_coherence": 0.78,
      "final_variance": 0.0010800217236898414,
      "final_confidence": 0.8,
      "final_regime": "STABLE",
      "final_tau": 0.5062422622707318,
      "satisfaction_history": [
        0.9621131135365899,
        0.9621131135365899,
        0.9621131135365899
      ],
      "regime_history": [
        "INITIALIZING",
        "INITIALIZING",
        "STABLE"
      ],
      "tau_history": [
        0.5,
        0.5,
        0.5,
        0.5062422622707318
      ],
      "r_matrix_updated": true,
      "family_assigned": null,
      "v0_target_learned": true,
      "start_time": "2025-11-13T08:49:53.495134",
      "end_time": "2025-11-13T08:49:53.646922",
      "total_time_seconds": 0.151788
    },
    {
      "pair_id": "toxic_prod_004",
      "input_text": "We have a \"hustle culture\" that glorifies suffering. People wear their\n        exhaustion as a badge of honor. Taking a mental health day is frowned\n        upon. Using your full vacation time makes you look weak. The message\n        is clear: your worth is measured by your willingness to sacrifice your\n        wellbeing for the company.",
      "converged": false,
      "iterations": 4,
      "converged_at": 4,
      "convergence_decision": "MAX_ITERATIONS",
      "final_satisfaction": 0.8391553336127056,
      "final_coherence": 0.78,
      "final_variance": 0.0026992895660844143,
      "final_confidence": 0.8,
      "final_regime": "STABLE",
      "final_tau": 0.5075662133445082,
      "satisfaction_history": [
        0.8391553336127056,
        0.8391553336127056,
        0.8391553336127056,
        0.8391553336127056
      ],
      "regime_history": [
        "INITIALIZING",
        "INITIALIZING",
        "STABLE",
        "STABLE"
      ],
      "tau_history": [
        0.5,
        0.5,
        0.5,
        0.5037831066722541,
        0.5075662133445082
      ],
      "r_matrix_updated": true,
      "family_assigned": null,
      "v0_target_learned": true,
      "start_time": "2025-11-13T08:49:53.646954",
      "end_time": "2025-11-13T08:49:53.785804",
      "total_time_seconds": 0.13885
    }
  ],
  "r_matrix_snapshot": {
    "matrix": [
      [
        1.0,
        0.9923099212467799,
        0.9674187809336708,
        0.9425017103695384,
        0.8798502136184793,
        0.989586016704211,
        0.9983588307461795,
        0.7324957148181056,
        0.9581143338485745,
        0.9005662810133703,
        0.9767928559031752
      ],
      [
        0.9923099212467799,
        1.0,
        0.9675568558950083,
        0.9858882577595053,
        0.9183725291505779,
        0.9942995002051279,
        0.9994014057136257,
        0.7321987238488565,
        0.9745361122427753,
        0.924165470329091,
        0.9855977531311626
      ],
      [
        0.9674187809336708,
        0.9675568558950083,
        1.0,
        0.8343261723013624,
        0.8988190447192757,
        0.9698239542653385,
        0.9937317274846738,
        0.7584189840075917,
        0.9186924914614665,
        0.8591698277134044,
        0.9574869175257862
      ],
      [
        0.9425017103695384,
        0.9858882577595053,
        0.8343261723013624,
        1.0,
        0.8795262329819777,
        0.9717758358814604,
        0.9902597634230947,
        0.5050195496565354,
        0.8989022020136238,
        0.8124782701245058,
        0.9245351767972327
      ],
      [
        0.8798502136184793,
        0.9183725291505779,
        0.8988190447192757,
        0.8795262329819777,
        1.0,
        0.9563198376852795,
        0.973935438561104,
        0.6175026720398257,
        0.8354999254357954,
        0.6932402107370775,
        0.8810477042785632
      ],
      [
        0.989586016704211,
        0.9942995002051279,
        0.9698239542653385,
        0.9717758358814604,
        0.9563198376852795,
        1.0,
        0.9991549213346679,
        0.7728193556882709,
        0.9698228049661876,
        0.9088498093821324,
        0.9833176862005587
      ],
      [
        0.9983588307461795,
        0.9994014057136257,
        0.9937317274846738,
        0.9902597634230947,
        0.973935438561104,
        0.9991549213346679,
        1.0,
        0.8703708349874194,
        0.9952067836562096,
        0.978133866176964,
        0.9978222683242308
      ],
      [
        0.7324957148181056,
        0.7321987238488565,
        0.7584189840075917,
        0.5050195496565354,
        0.6175026720398257,
        0.7728193556882709,
        0.8703708349874194,
        1.0,
        0.6381587175444097,
        0.49628913766748317,
        0.7326900178096164
      ],
      [
        0.9581143338485745,
        0.9745361122427753,
        0.9186924914614665,
        0.8989022020136238,
        0.8354999254357954,
        0.9698228049661876,
        0.9952067836562096,
        0.6381587175444097,
        1.0,
        0.8506444003944723,
        0.9523421645615712
      ],
      [
        0.9005662810133703,
        0.924165470329091,
        0.8591698277134044,
        0.8124782701245058,
        0.6932402107370775,
        0.9088498093821324,
        0.978133866176964,
        0.49628913766748317,
        0.8506444003944723,
        1.0,
        0.8966781266352989
      ],
      [
        0.9767928559031752,
        0.9855977531311626,
        0.9574869175257862,
        0.9245351767972327,
        0.8810477042785632,
        0.9833176862005587,
        0.9978222683242308,
        0.7326900178096164,
        0.9523421645615712,
        0.8966781266352989,
        1.0
      ]
    ],
    "mean_coupling": 0.9007078363950791,
    "std_coupling": 0.1208264799882377,
    "max_coupling": 1.0,
    "min_coupling": 0.49628913766748317
  }
}