{
  "epoch_id": 1,
  "regime": "EXPLORING",
  "total_pairs": 5,
  "converged_count": 0,
  "convergence_rate": 0.0,
  "mean_iterations": 3.0,
  "mean_satisfaction": 0.8154635770539225,
  "mean_confidence": 0.7,
  "mean_tau": 0.30530927154107845,
  "families_discovered": 1,
  "mean_r_matrix_coupling": 0.9931274281415418,
  "mean_v0_final": 0.0033998805428951846,
  "mean_convergence_cycles": 3.0,
  "regime_distribution": {
    "STABLE": 5
  },
  "task_rewards": [
    0.8,
    0.8,
    0.8,
    0.3,
    0.8
  ],
  "epoch_reward": 0.7,
  "start_time": "2025-11-13T10:11:52.210579",
  "end_time": "2025-11-13T10:11:52.686627",
  "total_time_seconds": 0.476048,
  "pair_results": [
    {
      "pair_id": "witnessing_002",
      "input_text": "We've started doing \"check-ins\" at the beginning of meetings where\n        people can share how they're actually doing. It's not performative;\n        there's genuine space for presence. Sometimes someone will say they're\n        having a hard day and we'll adjust the agenda. This practice of\n        witnessing each other has deepened our connection as a team.",
      "converged": false,
      "iterations": 3,
      "converged_at": 3,
      "convergence_decision": "MAX_ITERATIONS",
      "final_satisfaction": 0.9016096264817366,
      "final_coherence": 0.78,
      "final_variance": 0.0028047630914276468,
      "final_confidence": 0.8,
      "final_regime": "STABLE",
      "final_tau": 0.3070321925296347,
      "satisfaction_history": [
        0.9016096264817366,
        0.9016096264817366,
        0.9016096264817366
      ],
      "regime_history": [
        "INITIALIZING",
        "INITIALIZING",
        "STABLE"
      ],
      "tau_history": [
        0.3,
        0.3,
        0.3,
        0.3070321925296347
      ],
      "r_matrix_updated": true,
      "family_assigned": null,
      "v0_target_learned": true,
      "start_time": "2025-11-13T10:11:52.210633",
      "end_time": "2025-11-13T10:11:52.305320",
      "total_time_seconds": 0.094687
    },
    {
      "pair_id": "toxic_prod_001",
      "input_text": "Our company culture valorizes overwork. People brag about pulling\n        all-nighters and working through weekends. If you leave at 5pm, you're\n        seen as not committed. There's constant competition to be the most\n        productive, the most available, the most sacrificing. It's exhausting\n        and destructive, but nobody wants to be the first to slow down.",
      "converged": false,
      "iterations": 3,
      "converged_at": 3,
      "convergence_decision": "MAX_ITERATIONS",
      "final_satisfaction": 0.7101588952307257,
      "final_coherence": 0.78,
      "final_variance": 0.004251002869949357,
      "final_confidence": 0.8,
      "final_regime": "STABLE",
      "final_tau": 0.3032031779046145,
      "satisfaction_history": [
        0.7101588952307257,
        0.7101588952307257,
        0.7101588952307257
      ],
      "regime_history": [
        "INITIALIZING",
        "INITIALIZING",
        "STABLE"
      ],
      "tau_history": [
        0.3,
        0.3,
        0.3,
        0.3032031779046145
      ],
      "r_matrix_updated": true,
      "family_assigned": null,
      "v0_target_learned": true,
      "start_time": "2025-11-13T10:11:52.305352",
      "end_time": "2025-11-13T10:11:52.380146",
      "total_time_seconds": 0.074794
    },
    {
      "pair_id": "burnout_003",
      "input_text": "We've lost three senior engineers this quarter to burnout. The pattern\n        is always the same: someone starts missing meetings, their work quality\n        drops, they become withdrawn, and then they give two weeks notice.\n        Management's response is to redistribute their work to the remaining\n        team, which just accelerates the burnout cycle. We're in a death spiral\n        and nobody's addressing the root cause.",
      "converged": false,
      "iterations": 3,
      "converged_at": 3,
      "convergence_decision": "MAX_ITERATIONS",
      "final_satisfaction": 0.8412728612409245,
      "final_coherence": 0.78,
      "final_variance": 0.0031349855800826038,
      "final_confidence": 0.8,
      "final_regime": "STABLE",
      "final_tau": 0.30582545722481846,
      "satisfaction_history": [
        0.8412728612409245,
        0.8412728612409245,
        0.8412728612409245
      ],
      "regime_history": [
        "INITIALIZING",
        "INITIALIZING",
        "STABLE"
      ],
      "tau_history": [
        0.3,
        0.3,
        0.3,
        0.30582545722481846
      ],
      "r_matrix_updated": true,
      "family_assigned": null,
      "v0_target_learned": true,
      "start_time": "2025-11-13T10:11:52.380179",
      "end_time": "2025-11-13T10:11:52.492028",
      "total_time_seconds": 0.111849
    },
    {
      "pair_id": "toxic_prod_003",
      "input_text": "My manager expects immediate responses to Slack messages, even at 10pm.\n        There's an unspoken rule that we're always on call, always available.\n        Boundaries are seen as weakness. The phrase \"work-life balance\" is\n        treated like a joke. This isn't sustainable, but everyone's afraid to\n        push back because they'll be seen as not a team player.",
      "converged": false,
      "iterations": 3,
      "converged_at": 3,
      "convergence_decision": "MAX_ITERATIONS",
      "final_satisfaction": 0.8788834961623949,
      "final_coherence": 0.605,
      "final_variance": 0.0029131863004930674,
      "final_confidence": 0.3,
      "final_regime": "STABLE",
      "final_tau": 0.30657766992324786,
      "satisfaction_history": [
        0.8788834961623949,
        0.8788834961623949,
        0.8788834961623949
      ],
      "regime_history": [
        "INITIALIZING",
        "INITIALIZING",
        "STABLE"
      ],
      "tau_history": [
        0.3,
        0.3,
        0.3,
        0.30657766992324786
      ],
      "r_matrix_updated": true,
      "family_assigned": null,
      "v0_target_learned": true,
      "start_time": "2025-11-13T10:11:52.492058",
      "end_time": "2025-11-13T10:11:52.600827",
      "total_time_seconds": 0.108769
    },
    {
      "pair_id": "scapegoat_005",
      "input_text": "The organizational shadow gets projected onto our remote workers. When\n        communication breaks down or deadlines slip, management blames \"remote\n        work culture\" instead of addressing actual systemic issues. The remote\n        team carries all the organization's anxiety about control and visibility.\n        It's a scapegoating dynamic that's destroying morale and trust.",
      "converged": false,
      "iterations": 3,
      "converged_at": 3,
      "convergence_decision": "MAX_ITERATIONS",
      "final_satisfaction": 0.7453930061538309,
      "final_coherence": 0.78,
      "final_variance": 0.0038954648725232485,
      "final_confidence": 0.8,
      "final_regime": "STABLE",
      "final_tau": 0.3039078601230766,
      "satisfaction_history": [
        0.7453930061538309,
        0.7453930061538309,
        0.7453930061538309
      ],
      "regime_history": [
        "INITIALIZING",
        "INITIALIZING",
        "STABLE"
      ],
      "tau_history": [
        0.3,
        0.3,
        0.3,
        0.3039078601230766
      ],
      "r_matrix_updated": true,
      "family_assigned": null,
      "v0_target_learned": true,
      "start_time": "2025-11-13T10:11:52.600860",
      "end_time": "2025-11-13T10:11:52.685809",
      "total_time_seconds": 0.084949
    }
  ],
  "r_matrix_snapshot": {
    "matrix": [
      [
        1.0,
        0.9999537155690817,
        0.999696393933539,
        0.9984208747721196,
        0.9999999990852004,
        0.9999999999994056,
        0.9999999999999931,
        0.9999601695991233,
        0.9999980843506451,
        0.9999999999304398,
        0.9999999674275575
      ],
      [
        0.9999537155690817,
        1.0,
        0.9992398441349027,
        0.9999592103769932,
        0.9999999990458901,
        0.999989480281407,
        0.9999999999999986,
        0.9211599759029829,
        0.9999991571085727,
        0.9999999999073815,
        0.9999999997950075
      ],
      [
        0.999696393933539,
        0.9992398441349027,
        1.0,
        0.9863432145936047,
        0.9976494434236426,
        0.9997966040140861,
        0.9999959959732015,
        0.9381908631307867,
        0.9977892281661945,
        0.9932954001849268,
        0.99937041158493
      ],
      [
        0.9984208747721196,
        0.9999592103769932,
        0.9863432145936047,
        1.0,
        0.9939154405008821,
        0.999785191604253,
        0.9999850032135008,
        0.7856325225698839,
        0.9958976076970809,
        0.9806324133048786,
        0.9978109698692799
      ],
      [
        0.9999999990852004,
        0.9999999990458901,
        0.9976494434236426,
        0.9939154405008821,
        1.0,
        0.9999999999963916,
        0.9999999999999987,
        0.999947518575354,
        0.9999999229173399,
        0.9999999999999986,
        0.9999999999976668
      ],
      [
        0.9999999999994056,
        0.999989480281407,
        0.9997966040140861,
        0.999785191604253,
        0.9999999999963916,
        1.0,
        0.9999999999999989,
        0.9999999997994605,
        0.9999999995728596,
        0.9999999999999988,
        0.9999999999998106
      ],
      [
        0.9999999999999931,
        0.9999999999999986,
        0.9999959959732015,
        0.9999850032135008,
        0.9999999999999987,
        0.9999999999999989,
        1.0,
        0.9999999999461299,
        0.9999999999999977,
        0.9999999999999988,
        0.9999999999999983
      ],
      [
        0.9999601695991233,
        0.9211599759029829,
        0.9381908631307867,
        0.7856325225698839,
        0.999947518575354,
        0.9999999997994605,
        0.9999999999461299,
        1.0,
        0.9997991473718032,
        0.9999999990819748,
        0.9999956342550582
      ],
      [
        0.9999980843506451,
        0.9999991571085727,
        0.9977892281661945,
        0.9958976076970809,
        0.9999999229173399,
        0.9999999995728596,
        0.9999999999999977,
        0.9997991473718032,
        1.0,
        0.9999999999999929,
        0.9999999999980717
      ],
      [
        0.9999999999304398,
        0.9999999999073815,
        0.9932954001849268,
        0.9806324133048786,
        0.9999999999999986,
        0.9999999999999988,
        0.9999999999999988,
        0.9999999990819748,
        0.9999999999999929,
        1.0,
        0.9999999999999983
      ],
      [
        0.9999999674275575,
        0.9999999997950075,
        0.99937041158493,
        0.9978109698692799,
        0.9999999999976668,
        0.9999999999998106,
        0.9999999999999983,
        0.9999956342550582,
        0.9999999999980717,
        0.9999999999999983,
        1.0
      ]
    ],
    "mean_coupling": 0.9931274281415418,
    "std_coupling": 0.029823530190414227,
    "max_coupling": 1.0,
    "min_coupling": 0.7856325225698839
  }
}